-1.700485
-1.888458
-2.079941
-2.365906
-2.310394
-2.417328
-2.498993
-2.575546
-2.648026
-2.696671
-2.798965
-2.837769
-2.918213
-2.942963
-2.993607
-3.07106
-3.094284
-3.171249
-3.199463
-3.253998
-3.316345
-3.352142
-3.392395
-3.453064
-3.488541
-3.509735
-3.533401
-3.59903
-3.634171
-3.653229
-3.665176
-3.687683
-3.731567
-3.74942
-3.780609
-3.805634
-3.859024
-3.870117
-3.871094
-3.871521
-3.88356
-3.910828
-3.946594
-3.958893
-3.961349
-3.995789
-4.013245
-4.01442
-4.023895
-4.033356
-4.04422
-4.043304
-4.059662
-4.056076
-4.053375
-4.032089
-4.038513
-4.06218
-4.079086
-4.074295
-4.077545
-4.063675
-4.064819
-4.07724
-4.102051
-4.081589
-4.092377
-4.083588
-4.095703
-4.094757
-4.086914
-4.103989
-4.122971
-4.11055
-4.127106
-4.117371
-4.143539
-4.131302
-4.127518
-4.134003
-4.112717
-4.114304
-4.117676
-4.134628
-4.143829
-4.134033
-4.126602
-4.112793
-4.117599
-4.12561
-4.103775
-4.088882
-4.134872
-4.114349
-4.137894
-4.120758
-4.090805
-4.087936
-4.088135
-4.110779
-4.094696
-4.090103
-4.102417
-4.075287
-4.087585
-4.068665
-4.083221
-4.088257
-4.088348
-4.079224
-4.070892
-4.07251
-4.076248
-4.07663
-4.043457
-4.054962
-4.062531
-4.053406
-4.054779
-4.052673
-4.065781
-4.065704
-4.051849
-4.041351
-4.053024
-4.077332
-4.081421
-4.06662
-4.054337
-4.043671
-4.062973
-4.081802
-4.069595
-4.034637
-4.036438
-4.041351
-4.105865
-4.282761
-4.537064
-4.505966
-4.3125
-3.981995
-3.758209
-3.664124
-3.772232
-4.023972
-4.228195
-4.478317
-4.745789
-4.447876
-4.041138
-4.327438
-3.680893
-3.114258
-3.075592
-2.786148
-2.798981
-2.846786
-2.827469
-2.826843
-2.896225
-2.90802
-2.838287
-2.762604
-2.83551
-2.918564
-2.873718
-2.846954
-2.879501
-2.91748
-2.914307
-2.899658
-2.903702
-2.949417
-2.949905
-2.925522
-2.938339
-3.007156
-3.026535
-3.012482
-2.935135